              read[-24(%rbp)]read[-32(%rbp)]read[-36(%rbp)]read[-4(%rbp)]read[-40(%rbp)]read[100000]  read[100008]  read[17179969164]read[34359838348]read[51539707532]read[99952]   read[99956]   read[99980]   
read[-24(%rbp)]0             0             0             0             1             0             0             0             0             0             0             0             0             
read[-32(%rbp)]0             0             0             0             0             0             1             0             0             0             0             0             0             
read[-36(%rbp)]0             0             0             0             0             0             0             0             0             0             0             5             0             
read[-4(%rbp)]0             0             0             0             0             1             0             0             0             0             0             0             0             
read[-40(%rbp)]0             0             1             0             0             0             0             0             0             0             0             4             0             
read[100000]  0             1             0             0             0             0             0             0             0             0             0             0             0             
read[100008]  1             0             0             0             0             0             0             0             0             0             0             0             0             
read[17179969164]0             0             0             0             0             0             0             0             0             0             1             0             0             
read[34359838348]0             0             0             0             0             0             0             0             0             0             1             0             0             
read[51539707532]0             0             0             0             0             0             0             0             0             0             1             0             0             
read[99952]   0             0             0             0             4             0             0             0             0             0             0             0             0             
read[99956]   0             0             4             0             0             0             0             1             1             1             1             4             1             
read[99980]   0             0             0             0             0             0             0             0             0             0             1             0             0             

