              read[-16(%rbp)]read[-20(%rbp)]read[-24(%rbp)]read[-28(%rbp)]read[-4(%rbp)]read[-8(%rbp)]read[100000]  read[100008]  read[100176]  read[17179969160]read[34359838344]read[99964]   read[99968]   read[99972]   
read[-16(%rbp)]0             0             0             0             0             0             0             1             0             0             0             0             0             0             
read[-20(%rbp)]0             0             0             1             0             0             0             0             0             0             0             0             1             0             
read[-24(%rbp)]0             0             0             0             0             0             0             0             0             0             0             0             4             0             
read[-28(%rbp)]0             0             1             0             0             0             0             0             0             0             0             0             0             0             
read[-4(%rbp)]0             0             0             0             0             0             1             0             0             0             0             0             0             0             
read[-8(%rbp)]0             1             0             0             0             0             0             0             0             0             0             0             0             0             
read[100000]  1             0             0             0             0             0             0             0             0             0             0             0             0             0             
read[100008]  0             0             0             0             0             1             0             0             0             0             0             0             0             0             
read[100176]  0             1             0             0             0             0             0             0             0             0             0             0             0             1             
read[17179969160]0             0             0             0             0             0             0             0             0             0             0             0             0             1             
read[34359838344]0             0             0             0             0             0             0             0             0             0             0             0             0             1             
read[99964]   0             0             0             0             0             0             0             0             0             0             0             0             3             1             
read[99968]   0             0             3             0             0             0             0             0             2             1             1             4             0             0             
read[99972]   0             0             0             0             0             0             0             0             0             0             0             0             3             0             

