              read[-24(%rbp)]read[-32(%rbp)]read[-32(%rbp,%rax,4)]read[-36(%rbp)]read[-4(%rbp)]read[100000]  read[100008]  read[17179969164]read[34359838348]read[99956]   read[99960]   read[99964]   read[99968]   read[99972]   read[99980]   
read[-24(%rbp)]0             0             0             1             0             0             0             0             0             0             0             0             0             0             0             
read[-32(%rbp)]0             0             0             0             0             0             1             0             0             0             0             0             0             0             0             
read[-32(%rbp,%rax,4)]0             0             0             0             0             0             0             0             0             3             0             0             0             0             0             
read[-36(%rbp)]0             0             0             0             0             0             0             0             0             4             0             0             0             0             0             
read[-4(%rbp)]0             0             0             0             0             1             0             0             0             0             0             0             0             0             0             
read[100000]  0             1             0             0             0             0             0             0             0             0             0             0             0             0             0             
read[100008]  1             0             0             0             0             0             0             0             0             0             0             0             0             0             0             
read[17179969164]0             0             0             0             0             0             0             0             0             1             0             0             0             0             0             
read[34359838348]0             0             0             0             0             0             0             0             0             1             0             0             0             0             0             
read[99956]   0             0             3             3             0             0             0             1             1             3             1             0             0             0             1             
read[99960]   0             0             0             0             0             0             0             0             0             0             0             1             0             0             0             
read[99964]   0             0             0             0             0             0             0             0             0             0             0             0             1             0             0             
read[99968]   0             0             0             0             0             0             0             0             0             0             0             0             0             1             0             
read[99972]   0             0             0             0             0             0             0             0             0             0             0             0             0             0             0             
read[99980]   0             0             0             0             0             0             0             0             0             1             0             0             0             0             0             

