              read[-12(%rbp)]read[-16(%rbp)]read[-20(%rbp)]read[-24(%rbp)]read[-4(%rbp)]read[100000]  read[100180]  read[17179969164]read[99968]   read[99972]   read[99976]   
read[-12(%rbp)]0             1             0             0             0             0             0             0             0             0             0             
read[-16(%rbp)]0             0             0             1             0             0             0             0             0             1             0             
read[-20(%rbp)]0             0             0             0             0             0             0             0             0             3             0             
read[-24(%rbp)]0             0             1             0             0             0             0             0             0             0             0             
read[-4(%rbp)]0             0             0             0             0             1             0             0             0             0             0             
read[100000]  1             0             0             0             0             0             0             0             0             0             0             
read[100180]  0             1             0             0             0             0             0             0             0             0             1             
read[17179969164]0             0             0             0             0             0             0             0             0             0             1             
read[99968]   0             0             0             0             0             0             0             0             0             2             1             
read[99972]   0             0             2             0             0             0             2             1             3             0             0             
read[99976]   0             0             0             0             0             0             0             0             0             2             0             

