              read[-24(%rbp)]read[-32(%rbp)]read[-4(%rbp)]read[100000]  read[100008]  read[99960]   read[99964]   read[99968]   read[99972]   
read[-24(%rbp)]0             1             0             0             0             0             0             0             0             
read[-32(%rbp)]0             0             0             0             1             1             0             0             0             
read[-4(%rbp)]0             0             0             1             0             0             0             0             0             
read[100000]  0             1             0             0             0             0             0             0             0             
read[100008]  1             0             0             0             0             0             0             0             0             
read[99960]   0             0             0             0             0             0             1             0             0             
read[99964]   0             0             0             0             0             0             0             1             0             
read[99968]   0             0             0             0             0             0             0             0             1             
read[99972]   0             0             0             0             0             0             0             0             0             

